2.1
1.8
25.0
92.9
96.5
91.1
74.7
58.6
57.1
54.7
60.1
57.8
54.6
60.6
54.8
56.7
59.3
55.3
54.7
60.7
54.5
55.3
54.5
63.9
80.3
96.4
94.7
87.5
88.8
52.2
53.3
53.7
54.2
52.5
70.5
61.8
52.5
59.6
52.9
59.7
53.1
53.1
54.3
53.5
54.2
53.1
6.0
1.8
2.0
1.9
1.9
2.0
2.1
1.9
2.1
1.9
2.0
1.8
2.2
1.9
2.0
86.8
98.1
86.4
82.4
80.4
56.6
54.9
59.3
53.2
59.0
54.7
54.7
56.6
56.9
60.4
54.8
54.7
57.9
57.9
55.3
55.6
82.1
96.5
90.9
90.4
73.4
56.5
52.7
53.7
52.7
55.1
55.2
56.7
59.7
57.3
52.8
53.4
53.3
55.3
54.0
53.7
53.8
53.5
48.4
1.9
2.1
2.0
1.8
2.0
2.0
2.0
1.9
2.1
2.2
1.7
2.0
2.0
1.9
67.4
96.1
96.2
86.5
89.3
62.9
54.8
55.2
60.2
57.4
58.2
72.0
54.7
55.0
59.9
54.8
55.1
55.8
58.6
54.4
55.6
61.1
78.6
93.6
88.2
91.1
91.4
53.6
54.2
55.9
53.2
53.9
57.8
64.2
53.2
61.7
52.4
57.1
57.9
52.7
55.1
53.5
53.8
53.0
10.8
2.1
1.9
1.9
1.9
2.1
1.9
1.8
2.0
2.1
1.8
1.9
1.9
2.1
38.0
98.2
94.7
91.6
80.3
59.5
54.8
54.7
60.5
55.0
58.2
64.5
54.8
55.1
56.2
60.2
55.0
55.0
55.2
60.8
55.9
55.0
77.9
98.6
97.5
87.2
91.2
61.5
60.2
53.6
53.5
54.7
55.1
58.0
59.8
58.5
56.5
52.8
58.4
54.9
55.5
53.8
53.6
53.3
53.4
41.2
2.8
2.0
2.0
1.8
2.1
1.9
2.1
1.9
2.0
2.1
1.9
2.2
17.8
94.5
97.0
89.6
78.9
81.7
55.5
55.4
59.9
55.1
55.0
65.8
54.4
54.8
54.6
56.6
59.5
54.6
54.8
56.4
61.2
54.9
72.5
96.4
90.6
91.7
73.8
53.9
56.1
53.0
55.3
52.1
62.8
53.7
53.5
63.1
54.4
56.2
53.2
53.7
52.8
52.6
53.0
52.8
44.0
2.8
2.1
1.9
1.9
2.0
2.1
1.6
2.2
1.9
1.9
1.8
2.2
2.0
1.9
93.2
93.8
89.3
76.1
59.2
54.6
55.0
59.9
55.4
55.1
65.0
61.4
55.8
54.8
55.1
56.6
59.3
55.2
55.2
58.2
55.0
86.6
97.0
92.3
94.8
66.8
56.2
53.3
53.9
54.3
54.6
55.8
53.5
55.6
58.1
59.2
55.3
53.0
53.3
53.6
53.5
53.4
53.3
16.5
2.1
2.1
2.2
1.9
2.0
2.0
1.9
2.0
2.1
1.9
2.0
2.1
2.0
2.0
70.4
94.2
90.9
84.1
69.2
54.8
54.7
60.3
55.3
55.5
61.9
60.5
57.9
54.9
54.9
56.0
58.1
57.7
55.1
55.4
64.2
92.4
96.2
92.3
64.9
70.0
53.9
54.0
54.6
54.7
53.6
58.7
54.3
63.8
53.4
63.2
55.0
52.8
53.1
52.9
52.7
53.8
44.7
1.8
2.0
2.0
2.1
1.8
2.0
2.0
1.7
2.1
2.0
1.8
2.0
2.0
2.1
2.0
38.6
96.5
92.5
87.6
74.6
57.4
55.1
56.5
57.8
54.9
55.2
59.1
62.1
54.8
54.9
54.8
57.5
54.7
57.9
55.1
60.6
58.6
92.7
96.1
91.4
92.6
93.6
64.3
53.4
54.1
54.2
53.6
53.5
60.0
59.1
53.4
60.3
58.4
57.3
52.8
52.7
52.5
53.4
53.2
7.4
2.1
1.9
1.9
2.1
2.0
2.0
1.8
2.1
1.9
1.9
1.9
2.2
1.9
12.8
93.6
97.4
86.8
83.5
56.6
54.9
55.1
60.2
55.0
54.6
61.3
61.1
58.1
54.8
54.8
54.7
56.2
59.5
54.7
54.5
55.7
91.3
99.0
95.1
80.0
90.4
83.4
53.8
55.3
54.4
53.9
54.5
68.8
53.5
54.6
63.1
53.4
60.1
56.3
52.7
53.1
52.5
53.2
53.4
28.4
1.9
2.0
1.9
1.9
2.0
1.9
1.9
2.0
1.9
2.0
2.0
1.8
1.9
81.8
97.5
91.8
88.7
59.1
55.9
61.1
54.9
55.2
55.2
63.4
55.2
62.6
59.3
55.2
54.9
59.3
55.1
55.4
56.3
68.2
93.7
90.8
94.1
97.7
72.7
54.5
54.3
54.4
54.6
53.5
58.4
62.4
57.1
54.4
53.2
62.2
52.9
53.4
52.7
52.8
52.8
15.9
2.1
1.9
2.2
1.9
2.1
1.9
1.9
1.7
2.1
2.0
1.9
2.0
1.9
1.9
1.9
52.9
96.4
93.9
87.8
83.5
66.0
55.0
55.0
60.2
54.7
54.9
62.8
59.0
57.8
55.0
54.8
55.4
57.3
56.9
57.4
55.0
57.5
67.9
93.5
88.8
88.7
71.7
53.5
53.2
53.2
53.9
54.3
61.1
54.1
53.4
61.0
55.8
63.5
53.1
52.4
54.6
53.1
52.9
52.5
44.8
2.7
2.1
2.0
2.0
2.1
1.8
2.1
2.0
2.0
1.9
2.2
2.0
2.0
32.5
97.2
88.5
76.3
63.4
57.8
54.9
58.2
55.4
55.2
58.7
56.1
60.2
55.2
58.9
55.2
54.7
55.6
62.3
55.3
55.4
67.7
93.6
92.7
99.7
99.8
100.0
99.8
99.9
99.3
98.6
98.6
98.3
99.0
99.7
99.4
83.6
65.1
54.6
53.9
53.3
57.3
56.0
53.7
53.8
57.8
52.7
52.8
11.3
1.9
1.9
2.1
2.1
1.8
1.8
2.0
2.0
1.7
11.4
93.0
86.2
74.0
66.9
57.9
55.7
60.8
55.5
55.0
58.0
56.0
60.6
55.0
56.2
59.1
54.7
55.2
56.3
62.1
55.3
92.2
93.1
85.4
94.4
68.5
58.4
54.2
54.5
54.5
52.3
69.8
51.7
63.7
53.2
53.8
53.8
55.7
60.6
53.1
53.6
52.9
35.9
1.8
2.1
2.0
1.9
1.8
2.1
1.9
2.1
1.8
2.0
2.0
1.8
1.9
2.1
1.8
1.9
90.4
98.0
85.7
77.3
59.5
57.6
54.8
59.8
55.2
54.7
59.9
56.6
58.1
54.4
60.8
55.0
55.9
54.5
59.3
54.8
55.5
77.3
94.1
92.4
91.1
95.0
61.1
55.4
54.1
52.9
53.5
57.7
53.1
58.0
54.3
53.9
59.1
55.2
59.0
54.3
53.0
56.6
52.8
7.6
1.9
2.1
1.9
1.9
2.0
1.8
2.1
2.3
2.1
2.1
1.9
2.1
1.6
2.1
66.2
100.0
100.0
100.0
100.0
100.0
100.0
99.8
99.9
100.0
100.0
100.0
100.0
100.0
100.0
100.0
100.0
100.0
100.0
100.0
100.0
100.0
100.0
100.0
100.0
99.9
99.5
99.3
99.7
100.0
100.0
71.5
2.1
2.0
2.1
2.0
1.9
2.0
1.7
2.2
2.1
1.9
2.0
2.1
1.9
1.9
1.7
2.1
1.9
2.1
2.0
2.2
1.8
2.1
2.0
1.9
2.0
2.0
86.0
100.0
100.0
100.0
100.0
100.0
100.0
100.0
99.9
100.0
100.0
100.0
99.6
100.0
99.8
100.0
100.0
100.0
100.0
100.0
100.0
100.0
100.0
100.0
99.9
100.0
100.0
99.4
99.7
99.7
72.2
2.1
1.9
2.1
1.8
2.2
1.9
2.0
2.1
2.1
2.0
1.8
2.0
2.1
2.0
2.2
2.2
2.1
1.9
2.1
2.1
2.0
2.1
2.2
2.0
2.1
1.9
17.4
94.9
100.0
100.0
100.0
100.0
100.0
100.0
85.8
97.0
99.9
100.0
100.0
100.0
100.0
100.0
100.0
100.0
99.9
100.0
100.0
100.0
100.0
100.0
100.0
100.0
100.0
100.0
100.0
100.0
100.0
100.0
100.0
100.0
34.2
2.0
2.2
2.0
2.2
2.2
1.9
2.0
2.1
2.2
2.1
2.2
2.1
2.0
2.2
2.1
2.1
2.3
2.0
2.1
2.0
2.2
1.9
2.1
78.4
96.5
92.1
98.0
100.0
94.1
90.1
100.0
78.6
99.9
100.0
99.9
100.0
100.0
100.0
98.9
100.0
100.0
100.0
100.0
100.0
100.0
100.0
100.0
99.9
100.0
100.0
100.0
100.0
98.4
2.1
2.3
2.2
2.4
2.1
2.2
2.2
2.1
2.4
2.2
2.3
2.3
15.6
4.4
2.8
